7 16 13
5 23 10
9 12 1
7 2 1
3 19 5
6 0 1
1 16 7
9 27 8
2 20 2
5 7 13
2 12 14
7 29 3
1 16 13
3 9 7
4 29 6
4 8 7
3 0 5
0 1 1
2 3 11
1 16 5
4 15 0
5 26 12
3 9 1
5 24 2
4 15 12
4 14 12
7 20 3
8 6 3
3 24 8
9 14 11
6 0 12
2 19 3
4 6 1
0 15 14
7 28 14
2 17 6
2 12 12
0 1 11
5 1 11
9 4 14
1 9 10
1 27 7
9 5 6
6 27 7
6 3 2
3 16 5
8 14 14
9 2 6
0 29 3
5 28 3
6 9 10
5 8 8
1 21 11
8 29 5
1 8 14
0 13 5
4 4 14
6 17 4
7 21 3
6 9 10
7 11 7
7 5 13
8 1 9
7 29 10
8 13 0
1 3 8
6 9 3
3 13 4
6 8 8
8 4 10
9 18 3
6 17 12
0 3 14
9 20 8
4 5 7
9 5 0
9 16 14
4 12 2
5 27 7
1 8 4
9 18 2
8 16 3
1 22 10
1 15 10
8 0 1
6 0 5
2 6 4
6 8 5
4 8 12
4 12 12
2 6 0
0 9 14
3 11 8
0 21 11
0 14 13
1 19 3
9 16 14
8 13 3
6 25 5
0 14 11
6 14 10
7 6 12
9 6 0
2 17 3
9 22 13
0 26 9
6 17 12
2 13 6
9 25 1
4 21 4
0 1 4
8 5 2
4 20 2
4 0 13
6 29 7
4 0 1
2 12 7
5 25 5
0 19 2
3 8 2
4 20 8
1 29 5
2 16 9
4 14 10
3 29 14
5 0 11
9 22 10
5 13 4
4 7 11
4 1 13
4 9 6
6 22 7
2 1 14
9 18 3
8 18 7
8 6 3
3 8 13
8 13 13
7 24 0
9 8 6

