8 19 19 
0 5 17 
5 16 6 
19 8 5 
3 13 3 
7 0 15 
15 15 8 
13 11 16 
16 8 17 
4 4 16 
14 4 7 
5 16 12 
3 1 9 
1 12 17 
6 15 2 
1 15 14 
16 2 9 
17 16 13 
5 4 1 
2 9 17 
19 15 1 
18 1 17 
11 16 11 
12 17 3 
1 15 11 
3 8 6 
9 17 0 
19 14 16 
4 19 13 
17 13 14 
14 12 9 
7 11 2 
16 14 18 
19 6 7 
3 7 14 
14 2 3 
12 11 0 
12 2 6 
1 18 17 
14 15 10 
8 1 15 
9 8 18 
12 17 4 
10 16 10 
18 11 9 
4 5 3 
7 9 6 
19 2 1 
17 15 19 
6 9 15 
9 9 16 
16 18 17 
6 10 6 
10 13 2 
0 3 6 
1 7 11 
4 7 13 
2 18 15 
3 8 2 
3 6 3 
10 15 12 
6 3 2 
15 9 5 
1 19 18 
16 11 13 
2 4 0 
5 0 19 
18 3 18 
5 6 6 
7 1 4 
2 11 0 
14 10 15 
9 17 5 
14 19 16 
4 7 0 
17 1 4 
17 6 5 
9 17 0 
7 14 18 
5 14 0 
9 16 3 
1 11 13 
9 12 11 
6 6 2 
2 10 1 
14 19 2 
19 16 0 
16 17 17 
8 4 4 
6 1 18 
6 3 14 
10 4 17 
15 13 9 
18 19 7 
12 14 17 
13 8 8 
7 19 5 
8 7 14 
17 15 19 
1 2 12 
19 0 15 
6 2 12 
3 18 17 
13 8 9 
0 1 3 
10 14 3 
18 2 15 
15 2 2 
10 11 18 
1 13 12 
13 4 12 
9 10 7 
13 6 5 
10 19 5 
19 11 6 
14 13 13 
10 12 7 
5 19 9 
7 9 0 
17 2 5 
9 16 2 
14 17 4 
1 10 10 
18 12 1 
3 12 13 
10 18 6 
3 8 10 
2 13 10 
11 13 11 
3 10 14 
1 12 2 
3 6 11 
19 7 1 
10 5 13 
11 0 17 
16 10 16 
15 5 4 
5 7 10 
7 10 3 
11 14 13 
5 7 5 
19 10 11 
10 1 10 
3 11 7 
16 15 8 
6 11 10 
2 18 16 
18 4 15 
8 3 6 
11 14 12 
17 11 19 
2 10 1 
6 0 2 
8 3 6 
16 12 1 
4 18 4 
14 12 3 
2 2 19 
18 3 2 
4 14 9 
8 3 0 
7 6 11 
0 4 3 
2 12 7 
8 0 11 
1 4 1 
6 11 13 
9 13 7 
0 3 10 
14 7 17 
3 7 0 
16 14 18 
7 14 2 
2 9 7 
9 9 7 
