350
267
189
163
8
114
613
116
17
345
194
134
349
207
64
302
105
65
409
17
17
80
133
346
313
197
237
17
495
129
158
92
8
402
188
17
443
17
1046
207
17
133
306
182
290
322
295
582
43
387
163
263
60
15
148
12
83
319
90
208
297
270
176
442
231
254
79
427
46
303
577
17
558
116
133
662
85
281
122
176
109
20
450
232
485
209
409
16
342
17
18
20
203
205
194
386
392
17
283
15
135
182
545
422
491
112
17
53
424
213
194
81
17
358
206
224
147
631
117
152
236
351
539
326
171
24
17
351
768
17
22
280
342
94
88
13
17
176
98
236
82
17
461
695
254
408
119
43
25
189
119
375
263
132
100
527
17
211
628
94
85
340
68
201
542
189
71
108
147
414
158
191
82
158
379
171
515
66
164
46
388
44
35
208
111
358
268
499
303
285
87
309
276
15
240
786
17
190
105
282
