50
389 40 27 -667 159 187 389 -257 111 -234 -170 -164 202 398 144 95 -814 0 370 -98 -431 -437 226 93 -459 409 -241 289 -95 224 195 254 279 -344 282 28 69 71 -28 377 -75 39 838 151 -111 3 -222 144 -351 657
-66 134 135 -284 866 -12 -198 -101 189 236 -264 641 -18 92 -207 -435 468 374 490 -527 -800 -37 -111 71 138 -380 -151 172 -236 -76 231 107 -455 131 65 136 253 -388 -141 -283 -103 130 123 330 -117 240 -153 111 338 -22
-165 -40 501 30 -62 170 -46 -649 -72 -102 307 68 -55 22 -72 325 204 -417 363 -274 -268 -165 347 73 319 -98 -213 -296 -56 268 539 368 355 439 -446 -606 391 236 154 680 -602 169 175 171 -8 -115 -137 418 226 -274
69 -185 -10 -569 -8 -143 -342 -9 -5 -59 48 -368 139 -234 -536 -392 -300 -108 -224 701 -782 95 266 -384 -612 195 -593 -217 307 -32 -86 437 -537 50 546 -491 -408 -164 -183 54 336 59 -278 33 190 -39 431 516 49 338
230 -76 -85 -111 159 -57 241 398 27 -128 -60 -203 74 -66 -16 -382 -403 -170 -121 789 -273 -391 -312 -333 94 -454 -12 -236 541 360 11 86 -201 227 210 -265 221 625 -78 395 160 653 131 -354 73 -172 -442 72 -111 -157
-53 225 -247 -445 444 659 -23 394 -593 127 479 -179 237 -443 492 192 141 248 118 42 -211 -253 74 -229 -581 -167 -261 195 356 -392 248 -487 -3 108 703 -540 435 -15 91 -192 350 8 58 -74 168 386 -309 138 105 -96
155 269 196 139 -110 -488 82 46 516 -59 57 20 387 240 -108 -176 603 -209 77 -376 -257 -25 -468 69 255 -10 90 51 40 107 -14 267 -99 166 386 -551 254 -277 694 466 455 -38 -289 -450 74 377 224 96 88 116
-142 -338 203 -62 362 -104 -242 -334 113 -442 -139 135 -3 -343 292 134 560 -54 -116 -176 -686 -309 -65 -223 20 386 93 273 -338 218 397 32 -67 494 -583 -383 55 -857 -44 -118 -291 142 -161 186 -212 -809 -162 82 194 401
-368 -189 222 -193 -75 -239 117 -115 322 -45 -191 -212 50 326 -280 -148 -392 -543 -198 84 -396 869 679 -226 65 -311 -97 -180 -166 -50 -42 528 609 367 -190 377 269 -348 -123 -468 -208 -59 443 -26 -472 -340 -259 -360 35 -473
-532 238 -99 -12 140 67 -322 17 -432 8 -211 -391 -333 -290 443 -126 95 77 -293 -143 -257 -350 553 126 -232 -328 257 118 -195 192 119 -69 577 516 308 175 280 193 -153 32 464 164 -245 3 130 32 47 -226 0 -258
-38 314 -254 250 -106 620 193 -300 -323 -381 196 276 410 219 197 247 -204 -490 198 -79 278 478 113 76 -191 -299 -419 -152 31 118 -45 311 164 396 -289 403 76 -498 126 22 172 67 547 -342 426 161 -391 316 35 -121
16 -137 -198 -514 -215 336 -943 223 -94 -93 -242 -129 -425 368 264 558 -331 81 387 -546 513 -191 46 350 -102 -176 180 -631 -1 450 -407 -55 -242 195 329 -4 6 54 -55 -67 546 28 42 149 633 419 -161 2 258 502
-125 185 226 -306 -22 160 90 -400 159 -329 -125 -215 -55 -160 -276 61 -129 135 -395 -134 -303 -45 458 -347 158 -178 -24 37 571 168 -265 -168 116 -457 -201 -505 370 393 247 28 270 -176 65 -104 199 109 198 -606 58 -542
22 -515 -50 -180 -173 411 485 279 -688 -299 145 -335 15 -530 118 125 -80 86 -169 -31 271 439 384 -91 -165 387 -51 328 364 -14 2 -252 -139 -217 -80 635 -157 -40 275 509 -91 184 -150 -327 553 174 82 654 135 171
-176 -718 -1 190 231 340 101 -276 -20 -127 52 291 6 52 137 -66 -124 52 306 242 -542 48 -165 -47 -551 426 574 156 -237 -171 -16 177 -180 -240 177 -389 -7 246 222 190 82 118 -107 -157 393 305 67 640 -101 391
443 -39 -73 478 -8 -39 68 -639 -21 424 -36 135 -9 -158 -186 -618 30 -68 201 37 185 -24 125 -137 -149 -354 -314 -133 312 194 359 91 -3 166 148 -108 208 -229 -310 290 299 -656 434 398 317 -338 -230 -45 -270 24
174 -137 171 51 80 -405 245 433 394 -24 -325 370 69 404 163 172 422 8 257 -50 -245 261 69 467 201 -20 -97 268 144 84 -331 -652 578 -238 -76 50 -142 -188 99 -167 405 143 459 154 849 204 -26 -345 -119 -176
372 -365 -348 -137 180 110 385 121 233 408 297 -334 266 171 -206 -121 249 70 -199 471 254 -145 -242 11 146 9 -281 -24 71 -203 -214 460 38 -41 499 -229 29 272 -56 369 -363 157 -121 202 -172 -119 -102 -358 -170 121
255 -181 78 366 24 104 -92 630 -229 95 -331 464 -323 -492 -505 -121 -185 133 -278 -659 -497 -610 -226 31 -254 3 261 -154 223 202 -502 518 -218 114 724 -590 599 -79 -52 -13 -513 -418 -72 -813 188 255 359 -311 -208 354
272 -513 67 375 -209 300 -229 97 -210 -90 -668 415 152 344 144 -41 -189 4 138 -183 -438 176 35 -288 -246 -329 -59 -23 -623 -143 176 -351 217 -6 -145 -177 -38 -269 -25 -310 481 -227 103 -481 101 144 -379 187 -323 395
284 224 -41 192 82 -619 164 -51 -252 -13 403 -262 -6 178 232 -291 239 20 274 -472 -50 209 542 -421 308 194 113 710 -679 385 393 14 -77 -299 -471 -332 -398 -18 122 -60 194 -145 314 -120 -682 200 -185 179 -305 -203
-31 -77 40 -461 -31 388 16 -33 304 -178 -77 -218 -43 262 -174 -328 238 -261 -452 304 431 8 -524 84 328 -508 59 204 -121 94 118 243 -316 247 -128 240 136 295 -83 -239 211 -246 422 -499 458 -381 -205 -381 148 104
181 -349 614 -142 -126 -368 8 108 167 513 -457 -356 -18 111 207 244 -473 -386 378 -72 69 147 -270 512 111 325 -32 -279 110 -594 125 -27 -63 60 370 -110 -151 -134 -316 288 140 -2 399 -550 0 -53 10 324 303 -46
14 294 -278 238 122 -216 455 -49 258 7 -227 149 334 714 -601 170 223 196 284 406 -280 -63 40 707 -28 263 137 297 513 28 -23 -29 -272 -24 42 172 -38 -178 179 -203 -381 85 -70 -418 145 61 83 722 -212 162
46 -576 -295 -296 4 48 256 90 80 -517 429 -40 -391 291 -428 75 -140 336 -402 530 -82 289 -211 -739 493 -297 334 -134 270 956 169 451 -406 36 361 -6 281 -135 -153 -220 -375 -142 13 517 267 82 -88 -173 -165 97
-452 209 -718 410 870 38 473 135 11 235 -351 -84 138 199 306 374 -417 -327 -171 43 -331 -16 190 -508 -172 -487 97 221 450 456 -596 -503 -381 -6 -469 295 364 -148 -128 -51 346 -19 -107 -148 -35 -235 -434 31 -216 36
-94 -264 53 14 -188 -95 111 214 654 -622 400 -262 47 -392 -372 235 324 201 139 259 145 -357 54 -245 672 136 50 -119 -1071 58 -172 -131 278 -265 -18 -22 -281 111 446 -433 -55 -319 -503 -535 125 270 215 622 383 -327
-730 539 115 -82 308 -45 45 526 73 -78 785 -482 -168 389 -317 145 -176 -436 -10 -25 272 -472 -155 -335 -101 20 281 146 -137 494 -539 -287 149 17 -70 399 548 -84 1 171 -197 38 313 627 -276 348 44 -89 412 187
222 -268 -83 251 906 -96 157 -140 410 195 241 -184 -26 215 999 -117 -9 -130 9 -389 654 249 117 122 -145 -200 -445 418 156 -106 150 -506 -14 -18 -92 -114 -290 -83 116 338 -43 -277 159 -239 -71 -612 378 -551 38 88
244 -347 131 503 -278 -164 -483 -414 273 99 118 -167 59 190 -275 -259 -139 272 -263 222 -1 210 408 -312 57 -590 -479 -71 208 -572 243 47 333 242 255 -48 -83 -46 -242 748 -35 80 53 146 586 153 -81 -477 -7 425
-449 315 -440 -648 -282 -213 408 82 -65 666 610 23 262 360 -154 -107 -199 -46 230 366 186 32 -368 -31 46 247 316 -224 -66 91 -151 254 -308 -193 417 372 -39 48 273 -27 -32 106 -68 47 -158 312 -229 748 -282 -142
-295 -400 165 3 -11 -633 -84 31 -245 -55 -8 410 67 -287 -54 357 -422 -203 -310 371 -285 137 -236 -291 -245 169 -141 -226 498 441 -22 -229 190 188 131 -184 188 -384 698 188 354 -212 125 -4 -77 -126 197 -150 -173 -175
160 -778 -257 -95 -3 160 -358 -61 -337 -245 -171 570 43 -228 150 -133 79 670 -176 -8 311 124 -852 415 90 -172 -178 74 378 -154 121 180 315 -153 -121 -252 111 462 -242 82 70 24 -492 302 161 -311 340 -270 -350 129
96 279 18 -55 -397 -271 30 260 545 12 658 421 -157 -303 -401 247 -316 183 461 241 -175 65 168 23 -227 319 241 310 -291 4 187 26 -54 340 -278 -197 -145 -174 135 89 -442 429 73 360 381 117 209 -156 158 -338
250 -357 -29 176 92 161 41 -446 -38 -280 -189 -22 101 211 -728 189 -306 394 404 -5 -237 598 -454 -56 -322 -307 -240 229 180 -130 -87 10 305 552 -281 199 -99 -486 149 -86 67 484 -140 99 650 269 -151 78 413 -280
-184 -187 302 -143 -199 -363 66 428 -82 -509 -250 -90 135 32 -492 72 114 9 26 198 234 370 368 271 -90 538 316 46 174 215 265 -642 -222 -601 224 -325 117 -68 83 64 294 377 167 42 100 -713 -82 118 56 359
-21 228 -313 210 -581 571 -259 410 -193 332 70 -328 -56 41 -104 318 45 -179 -116 500 199 207 113 249 377 -318 42 38 -492 292 291 208 -728 -70 54 288 -128 -58 67 -546 503 -310 6 -68 -229 -193 -528 -57 -504 266
465 -235 264 621 135 317 -498 34 -372 -608 90 129 -369 -84 -421 157 -166 178 186 446 143 -180 192 579 -130 7 -230 80 69 109 -89 -455 3 -335 -541 117 420 8 -21 -366 -55 298 -185 173 -48 171 -125 171 -423 150
107 -176 16 661 541 49 -32 -604 515 137 654 -286 80 -150 67 431 -218 -767 -239 97 -48 -36 -458 -42 -165 354 228 0 -258 438 -188 67 63 -31 175 -270 49 88 -238 -304 -40 25 116 251 -25 130 -114 -194 106 133
-55 -1174 181 -472 407 233 617 -156 732 399 -938 -278 202 -62 147 164 -248 -486 518 560 -155 87 54 -17 186 29 403 -159 185 17 321 -96 105 239 -71 -10 -129 309 252 237 126 -204 451 -268 -48 385 23 343 379 -39
16 -224 -477 43 549 -213 197 50 253 -13 335 238 -321 -107 98 288 241 -362 -249 -172 419 660 -350 -423 -300 -182 457 222 519 -319 -545 287 -344 9 -210 -893 -348 251 291 -127 -61 250 299 70 375 -230 497 -57 -25 -463
90 333 -426 -208 -162 382 -327 1 22 -141 360 356 369 135 -175 362 462 -26 -6 -246 264 -99 104 536 -114 346 -499 -276 -445 -272 -537 99 -294 505 -29 190 440 -134 -32 -472 -145 -299 61 -545 434 223 -496 275 -270 140
-505 196 -104 -52 -253 293 167 77 -50 -171 51 75 -316 -176 -188 19 9 -522 187 88 900 -95 226 -229 -282 139 -444 141 -41 623 424 106 109 -222 -242 393 -33 260 -60 -491 144 -64 41 -297 -193 -64 331 -78 -50 -212
-123 -97 186 -32 -264 -6 -76 -260 -15 -361 -211 372 321 309 318 -73 -715 552 21 565 104 -94 -681 -175 -62 -237 81 -332 166 -267 -375 -278 -15 123 33 -376 383 -34 -465 564 150 -139 -54 582 572 -28 342 386 -141 -609
401 5 370 -242 103 176 231 -138 248 -445 -110 174 -40 405 -74 -140 -273 305 -279 -47 91 177 -277 -57 193 -1 522 336 44 -407 -41 317 517 519 206 -250 -71 21 389 -1 316 -80 361 -167 -589 54 195 423 -305 117
76 134 -394 248 303 -265 -126 41 99 -184 567 -296 -487 -141 -544 169 -227 -755 57 72 275 245 -197 -90 56 161 135 -180 -370 343 145 0 -80 451 95 -336 -512 -212 -842 297 5 36 336 67 -72 192 527 -455 -21 -21
116 445 35 -250 374 380 155 69 -102 48 362 -271 -7 274 163 -197 -28 -145 -26 143 -115 49 733 -156 202 -505 -285 342 176 920 -92 382 411 265 -317 -385 -110 200 19 478 348 -312 3 -10 278 -426 -307 63 -218 24
479 413 -203 559 -92 -223 -295 -559 43 -299 101 214 323 192 -326 -264 -215 -109 148 -649 383 -43 -455 125 -325 458 -7 31 474 225 94 293 577 636 -216 70 209 182 50 618 650 10 88 524 44 8 290 26 125 -184
-180 12 -173 203 -38 -101 44 105 -312 351 -156 -453 -240 -117 115 17 -71 -97 -280 -305 -4 -367 -180 552 -62 71 10 602 134 -24 205 156 777 84 974 348 -333 262 242 220 -441 157 -51 -178 -54 205 -43 16 154 381
479 96 -653 144 272 -248 -57 57 83 5 -414 -72 -293 -345 683 25 257 353 266 597 -63 -5 287 -181 -51 25 205 -533 452 306 167 -332 179 489 196 -230 -79 -260 583 78 -147 -28 60 89 -147 -697 291 -401 -346 -263
