1
2
3
4
5
6
7
8
8
12
13
15
15
15
16
17
17
17
17
17
17
17
17
17
17
17
17
17
17
17
17
17
17
18
20
20
22
24
25
35
43
43
44
46
46
53
60
64
65
66
68
71
79
80
81
82
82
83
85
85
87
88
90
92
94
94
98
100
105
105
108
109
111
112
114
116
116
117
119
119
122
129
132
133
133
133
134
135
147
147
148
152
158
158
158
163
163
164
171
171
176
176
176
182
182
188
189
189
189
190
191
194
194
194
197
201
203
205
206
207
207
208
208
209
211
213
224
231
232
236
236
237
240
254
254
263
263
267
268
270
276
280
281
282
283
285
290
295
297
302
303
303
306
309
313
319
322
326
340
342
342
345
346
349
350
351
351
358
358
375
379
386
387
388
392
402
408
409
409
414
422
424
427
442
443
450
461
485
491
495
499
515
527
539
542
545
558
577
582
613
628
631
662
695
768
786
1046
